6875
7476
136
429
409
4674
14687
14762
19050
127
405
10277
13477
13504
13531
13558
16376
16430
18482
101
7290
8092
9352
105
406
6405
6483
13585
13612
14216
14260
23899
25831
26944
27000
27227
15617
15841
15969
16028
16804
16877
17319
17365
18549
18577
26973
7661
9188
404
422
7354
5227
6761
6940
4919
10375
11337
13347
13397
13450
13728
15096
15123
15786
15813
15911
15938
18070
18703
18780
18807
27259
9752
9788
10278
10305
10376
10403
11103
11231
11258
11338
13348
13398
13451
13478
13505
13532
13559
13586
13613
13729
14217
14261
9353
9637
9683
14688
15097
15124
15618
15787
15814
15912
15939
15970
16029
16377
16431
16805
16878
17320
17366
18071
18430
18483
18550
18578
18614
18704
18781
18808
19051
25832
26974
27001
27228
27260
10466
10493
15619
15843
15971
16030
23901
25833
26946
26975
9354
9753
9789
10279
10306
10377
10404
11232
11259
11339
13349
13399
13452
13479
13506
13533
13560
13587
13614
13730
14218
14262
14689
14764
15098
15125
15788
15815
15913
15940
16378
16432
16806
16879
17321
17367
18072
18431
18484
18551
18579
18705
18782
18809
19052
27002
27229
27261
1006
7662
7750
7777
7916
7981
8093
8653
9157
9189
9297
9638
9684
1014
3487
3488
3489
3490
3796
3828
4541
4573
5377
5345
5473
5537
5569
5633
5665
5697
5761
5793
5825
5889
5921
5953
5987
6249
6289
6321
6406
6442
6484
6560
7355
7186
4961
4707
4832
4920
5040
5072
5196
5228
5261
5293
6172
6217
6762
4675
6794
6876
6908
6941
6973
7291
7323
10465
10492
11104
9754
13731
14690
14765
15099
15126
15620
15789
15816
15844
15914
15941
15972
16379
16433
16807
16880
17322
17368
18073
18432
18485
18552
18580
18783
18810
19053
23902
25960
26947
4924
5044
5265
5297
6176
6766
6798
6880
6912
7295
7327
11233
13561
16031
4965
5076
5200
5232
5349
5381
5445
5541
5573
5605
5669
5991
6221
6325
6410
6446
6945
7473
7775
8091
8651
1401
1404
1402
1405
1403
1406
1407
1408
1410
1412
1413
1416
1414
1437
1409
1421
1422
1426
3755
3756
3757
3758
3759
3760
3761
3762
3763
3764
3766
7248
7250
7190
7359
3800
3832
4545
4577
4679
4711
4836
5477
5733
5765
5797
5829
5861
5893
5957
6253
6488
6564
6977
10280
10307
10378
10405
10467
10494
11105
11260
11340
13350
13400
13453
13480
13507
13534
13588
13615
14219
14263
26976
27003
27230
27262
15790
15817
15915
15942
16380
16434
16808
16881
17323
18074
1101
1102
1103
1104
1105
1106
1107
1108
1109
1110
1121
1122
1123
1124
1129
1130
1125
1126
1127
3667
3668
3670
3671
3672
3675
3676
3677
3678
3682
3669
3673
3674
3684
7773
7658
7746
9185
9293
9356
9791
10281
10308
10379
10406
10472
10499
11106
11234
11261
11341
13351
13401
13454
13481
13508
13535
13562
13589
13616
13732
14220
14264
14691
14766
15100
15127
15621
15845
15973
16032
17369
18433
18486
18553
18581
18707
18784
18811
19054
23903
25835
26948
26977
27004
27231
27263
2111
3400
3408
3417
2103
2107
3401
3403
3412
3415
7266
8094
9357
10468
10495
13733
15622
15791
15818
15846
15943
15974
16033
16381
16435
16809
16882
17324
17370
18075
18434
18487
18554
18582
18708
18785
18812
19055
23904
25836
26949
26978
27264
2102
3396
3397
3398
3407
3409
3413
3414
3421
3422
3402
4553
7778
9158
4687
4719
4586
4844
4932
4973
5052
5869
5084
5933
2304
5965
5208
5581
5240
5999
5645
7198
7367
7474
6496
6184
6229
6774
6806
2101
2108
3395
3404
3405
3406
3410
3411
3418
3423
3809
3841
5485
5517
5709
5741
5805
6261
6301
6333
6418
6454
6953
6985
7303
7335
13352
13402
13455
2104
2110
5273
5305
6888
6920
5357
2105
2106
2109
3399
3416
3419
6572
7265
11107
7663
7751
7917
7982
8654
9190
9298
9756
9792
7454
10282
10309
10380
10407
11235
11262
11342
13482
13509
13536
13563
13590
13617
14221
14265
14692
14767
15101
15128
27005
27232
8095
9358
9757
9793
4546
4680
4712
4837
6946
6978
7296
7328
5045
5077
7251
10283
10310
10381
10408
10469
10496
11236
11263
11303
11343
13403
13456
13483
13510
13537
13564
13591
13618
13734
14693
14768
15102
15129
15623
15792
15847
15975
16034
18076
18435
18488
18555
18583
18709
18786
19056
23905
25837
26979
7664
7918
7983
9191
9299
15819
15917
15944
16382
16436
16810
16883
17325
17371
27006
27233
27265
1601
1602
1603
1604
1605
1606
1607
1608
1609
1610
1620
1621
1622
1623
1624
1625
1626
1627
1628
1629
7191
7360
7252
7254
1612
1614
1615
1616
1618
1619
3493
1718
1719
3812
3844
4555
4589
4689
4721
4846
4934
4975
5054
5086
5210
5242
5275
5307
5359
5391
5455
5487
5519
5551
5647
5679
5743
5775
5807
5839
5903
5935
5967
6001
6186
6231
6263
6303
6335
6420
6456
6498
6574
6776
6808
6840
6890
6922
6955
6987
7200
7305
7337
7369
7478
7779
9642
9688
11108
13353
14222
14266
7665
7753
7780
7919
7984
8096
8656
9160
9192
9300
9359
9758
9794
5088
3241
5056
3242
5277
3244
5309
6957
6989
7307
3248
7339
3254
3774
3775
3842
3542
3547
3563
3564
3565
3566
3810
4557
4587
4691
4723
4848
4936
4977
5212
5244
5361
5393
5457
5489
5521
5553
5585
5617
5713
5745
5809
5841
5873
5905
6003
6188
6233
6265
6305
6337
6422
6458
6500
6576
6778
6810
6892
6924
7202
7269
7371
10284
10311
10382
10409
10471
10498
11109
11237
11264
11304
11344
13354
13404
13457
13484
13511
13538
13565
13592
13619
13735
14223
14267
14694
14769
15103
15130
15918
15945
15624
15848
15976
16035
16383
16437
16811
16884
17326
3199
3239
3245
3247
3249
3250
3255
3772
3507
3513
3529
3538
15793
15820
2001
2002
2006
2008
2010
3243
9643
9689
3253
3240
17372
18077
18436
18489
18556
18584
18710
18787
18814
19057
23906
25838
26951
26980
27007
27234
27266
2509
8097
13355
2507
2411
2429
2430
2438
2440
2413
3703
2439
2415
3705
2436
7666
7754
7920
7985
8657
9193
9301
10285
10312
10383
10410
11238
11265
11305
13405
13458
13485
13512
13539
13566
13593
13620
14224
14268
23907
25839
2426
2433
3817
3849
4562
4696
4728
4853
4941
4982
5061
5093
5217
5249
5366
5398
5430
5462
5494
5590
5654
5718
5750
5782
5878
5910
5974
6008
6193
6238
6270
6310
6342
6427
6463
6505
6581
6783
6815
6897
6929
6962
6994
7207
7312
7344
7376
7475
7781
9161
9644
9690
2402
2404
2502
2505
2506
2508
2510
2406
2425
2418
2421
3702
2428
2437
2432
2417
4594
2403
2419
2422
2424
2405
5282
2416
5314
2420
2423
2427
2431
2434
3704
9759
9795
10470
10497
11110
11345
13736
14695
14770
15104
15131
15625
15794
15821
15849
15919
15946
15977
16036
16384
16438
16812
16885
17327
18078
18437
18490
18557
18585
18711
18788
18815
19058
26952
26981
27008
27235
27267
3458
3808
4585
17373
4798
5360
5552
6336
6421
6457
5211
5243
6777
6809
6891
6923
6956
6988
11111
7667
7921
7986
8098
9194
9302
9361
9760
9796
7306
7338
10286
10313
10384
10411
11239
11266
11306
11346
13356
13406
13459
13486
13513
13540
13567
13594
13621
14225
14269
16037
16385
16439
16813
16886
17328
17374
18079
18491
18558
18586
18712
18816
23908
25840
26953
26982
27009
27236
27268
4788
4802
5276
5308
5456
5584
5648
6264
6304
5488
5744
5776
5840
5872
5904
5936
6002
4790
4791
4792
4793
4794
4795
4796
4797
4556
4690
4722
4801
4847
4935
4976
4988
6187
6232
4789
4799
4800
6499
6575
10473
10500
3193
7755
7782
8658
9162
9645
9691
3194
3195
3200
3205
3206
3207
3208
3227
3228
3229
3230
3232
3233
3234
3235
3236
3237
3238
3515
3517
3518
3567
3568
3569
3570
3571
3692
3693
3694
3696
3697
3698
3699
3700
3701
3811
3843
4588
5055
5087
7201
7370
13737
14696
14771
15105
15132
15626
15795
15822
15850
15920
15947
15978
18789
19059
9761
9797
10287
10314
10385
10412
11240
11267
11307
13407
13460
13487
13514
13541
13568
13595
13622
14226
14270
14697
8099
9362
7668
7695
7922
7987
9195
9303
14772
4645
4646
4647
4648
4649
4650
4651
4652
4653
4654
4655
4658
4659
4660
5057
5089
5213
5245
5362
5458
5490
5554
5586
5618
5650
5682
5714
5746
5778
5810
5874
5906
5938
5970
6004
6266
6306
6338
6423
6459
6501
6577
6779
7459
7756
7783
8659
9163
9646
9692
10474
10501
11112
11347
13357
13738
15106
15133
15627
15796
15823
15851
15921
15948
15979
16038
16386
16440
16814
16887
17329
17375
18080
18439
18492
18559
18587
18713
18790
18817
19060
23909
25841
26954
26983
27010
27237
27269
4558
4642
4643
4644
4656
4657
4692
4724
4849
4937
4978
5278
5310
6189
6234
6893
6925
6958
6990
7203
7270
7273
7308
7340
7372
2203
2223
2224
2226
2228
2229
2230
2231
2232
2234
2235
2236
2237
3541
3783
3784
3785
3786
16815
16888
7258
2221
2222
2225
2227
2238
2239
3510
3532
3545
3550
3818
3850
4563
4595
4697
4729
4854
4955
4983
5062
5094
5218
5250
5283
5315
5367
5399
5463
5495
5591
5623
5655
5719
5751
5783
5847
5879
5911
6009
6194
6271
6311
6343
6428
6464
6506
6582
6784
6816
6898
6930
6963
6995
7208
7313
7345
7377
7757
7784
8660
9164
9647
9693
10288
10315
13408
13461
27270
7669
7923
7988
8100
9196
9304
9363
9762
9798
10386
10413
10475
10502
11113
11268
11308
11348
13358
13488
13515
13542
13569
13596
13623
13739
14227
14271
14698
14773
15107
15134
15628
15797
15824
15852
15922
15949
15980
16039
16387
16441
17330
17376
18081
18440
18493
18560
18588
18714
18791
18818
19061
23910
25842
26955
26984
27011
27238
8101
9364
5049
5081
5270
5302
10289
10316
10387
10414
10476
10503
11114
11242
11269
11309
11349
13359
13409
13462
13489
13516
13543
13570
13597
13624
13740
14228
14272
14699
14774
15108
15135
15629
15798
15825
15853
15923
15950
15981
16040
16388
16442
16816
16889
17331
17377
18082
18441
18494
18561
18589
18715
18792
18819
19062
23911
25843
26956
26985
27012
27239
27271
205
1905
1906
1907
1908
1909
1910
207
212
221
226
223
224
225
227
237
1901
1902
1903
1904
5514
5578
5610
5706
5738
5802
5834
5866
5898
5962
5996
6569
9648
9694
208
211
214
215
216
217
218
219
220
228
234
235
236
201
202
203
5354
5386
5450
5482
209
210
204
231
232
233
238
240
3805
3837
4550
6950
6982
7300
7332
7670
7758
7785
7924
7989
8661
9165
9197
9305
4582
4684
4716
4841
4929
4970
5205
5237
6181
6226
6771
6803
6885
6917
6258
6298
6330
6415
6451
6493
7364
7195
9365
9764
10290
10317
10388
10415
10477
10504
11243
11270
11310
11350
13490
13517
13544
13571
14229
14273
14700
14775
15109
15136
15630
15799
15826
15854
15924
15951
15982
16389
16443
16817
16890
17332
17378
18495
18562
18590
18716
18793
18820
19063
23912
25844
26957
26986
27013
27240
27272
7671
7759
7786
7925
7990
8102
8662
9166
9198
9306
13741
18083
18442
3499
3807
3839
4584
5051
5083
6773
6805
1811
1812
1813
1814
1815
1816
1817
1818
1819
1820
1832
1833
1836
3504
4552
4686
4718
4843
4931
4972
5207
5239
5272
5304
5356
5388
5452
5484
5548
5580
5644
5708
5772
5804
5836
5868
5900
5964
5998
6183
6228
6260
6300
6332
6417
6453
6495
6571
6887
6919
6952
6984
7302
7334
9649
9695
11115
13360
13410
13463
13598
13625
1801
1802
1803
1804
1805
1806
1807
1808
1809
1810
1821
1822
1823
1824
1829
1830
3501
3502
7197
7366
16818
16891
17333
17379
18496
10478
10505
15631
27273
3285
3286
3287
3288
3289
3290
3291
3292
3294
3295
3296
3297
3298
3299
3300
3509
3519
3520
3521
3523
3558
3743
3745
3746
3750
3753
3754
3768
3769
3773
3816
3848
4561
4593
4695
4727
4852
4940
4981
5060
5092
5216
5248
5281
5313
5365
5429
5461
5493
5557
5589
5621
5717
5749
5781
5845
5877
5909
5941
6007
6192
6237
6269
6309
6341
6426
6462
6504
6580
6782
6814
6896
6928
6961
6993
7206
7311
7343
7375
7462
7672
7760
7787
7926
7991
8103
8663
9167
9199
9307
9366
9650
9696
9765
9801
10291
10318
10389
10416
11244
11271
11311
13411
13464
13491
13518
13545
13572
13599
13626
14230
14274
23913
25845
26958
26987
27014
27241
11351
13361
13742
14701
14776
15110
15137
15800
15827
15855
15925
15952
15983
16042
16390
16444
18084
18563
18591
18794
18821
19064
2307
2308
2337
2317
2322
2303
2330
3847
4559
5279
2335
5491
7309
6578
7204
18564
18592
7761
8664
9367
7460
11352
13362
13600
13627
13743
15111
15138
15632
15801
15828
15856
15926
15953
15984
16043
16391
16445
16819
16892
17334
17380
18085
18444
18497
18718
18795
18822
19065
23914
25846
26959
26988
27015
27242
27274
2302
7673
7927
9200
2309
5939
2319
2324
2329
2305
2331
5214
5363
2327
2328
5058
6959
6991
5971
10292
10319
11312
13412
13465
13492
13519
13546
13573
14231
14275
14702
14777
5284
5316
7674
7928
7993
9201
9309
2706
3443
3452
4855
4954
4984
5219
5251
5368
5400
5464
5496
5528
5688
5752
5784
5816
5848
5912
5944
5976
6010
6195
6240
6272
6312
6344
6429
6465
6507
6583
6785
6817
6899
6931
6964
6996
7314
7346
7762
7789
8105
9368
9652
9698
9767
9803
10293
10320
10391
10418
10480
10507
11118
11246
11273
11313
13363
13413
13466
13493
13520
15112
15139
15633
15802
15829
15927
15954
17381
18498
18565
18593
5063
5095
7465
8665
9169
11353
13601
13628
13744
14703
14778
15857
15985
16044
16392
16446
16820
16893
17335
18086
18445
18719
18823
19066
23915
25847
26960
26989
27016
27243
27275
9369
9768
10392
13494
13521
13548
13575
13602
13629
10481
10508
11247
11274
13695
13727
13745
14704
14779
15113
15140
15803
15830
15928
15955
7929
7675
13467
9202
13414
15634
15986
16045
16393
16447
16821
16894
17336
17382
18087
18499
18566
18594
18720
18797
18824
19067
23916
26961
26990
27017
27244
27276
7763
8666
13364
8106
14233
14277
3368
3369
3365
3367
3373
3374
3375
3378
3385
3390
3393
7196
7263
7365
7764
8107
8667
9370
9769
11248
11315
11355
13549
13576
13746
15804
15831
15859
15987
16046
16822
16895
17337
17383
18088
18447
18500
18721
18798
19068
23917
25849
26962
26991
27018
27245
27277
11120
13495
13522
14234
14278
9654
3357
3358
3394
6772
7301
7333
14705
14780
15114
15141
15929
15956
16394
16448
18567
18595
18825
7676
9203
4842
4930
6182
4685
4717
6886
6951
10322
13365
13415
13468
13603
13630
15635
6781
15636
15860
15930
15957
15988
16047
7677
7931
7996
8108
9204
4560
7461
13496
13523
13747
15115
15142
15805
15832
16395
16449
16823
16896
17338
17384
18089
18448
18501
18568
18596
18799
19069
23918
25850
26963
26992
27019
27246
27278
9371
9770
5215
5059
11276
13366
13550
13577
18826
3209
7792
8668
9655
7765
3259
3260
3261
3265
3270
3274
3279
4980
5460
5492
3549
6006
5364
6960
7274
6992
10296
10323
11356
13416
13469
13604
13631
14235
14279
14706
14781
10297
10484
11250
11317
13417
13470
13497
13524
13551
13578
23919
25851
26964
26993
13367
14707
14782
15861
18090
18449
9656
15989
16824
16897
17339
17385
18502
18569
18597
27020
27247
3330
3331
7678
7932
8669
9372
4953
5221
3512
4566
7467
11357
14236
14280
15116
15143
15637
15806
15833
5466
5754
6012
13605
13632
13748
15931
15958
16396
16450
18723
18800
18827
19070
27279
11358
13498
13525
13552
13579
13606
13633
13749
14708
14783
15990
16397
16451
18091
18450
18724
18801
18828
19071
26965
26994
27021
27248
13418
13471
16825
16898
15117
15144
15638
15807
15834
15862
15932
15959
17340
17386
18503
18570
18598
23920
25852
27280
3607
3627
4944
5064
5849
6011
6965
6997
7466
7933
8670
9206
9373
11123
13368
14237
14281
3301
3302
3303
3304
3527
5222
5851
6275
6315
6347
6510
6586
7212
8671
9175
9658
10299
10397
10486
10513
11359
13553
13580
13607
13634
13750
15118
15145
15933
15960
16398
16452
17341
17387
18092
18451
18504
18571
18599
18725
19072
23921
25853
26966
26995
2201
3152
3155
3591
3723
3739
3734
3741
2205
2206
2209
3154
2207
3583
3584
3585
3587
3588
3586
3589
3590
3732
3592
3735
3736
3737
3738
7468
7768
16050
16826
16899
18829
27022
5066
5371
5467
8111
9374
11252
11279
11319
13369
15639
15991
3822
4567
6788
6967
7317
7680
7934
9207
9773
11124
13419
13472
13499
13526
14238
14282
14709
14784
15808
15835
15863
8672
9176
6903
7469
11125
15864
18093
18452
25961
26967
26996
27023
27250
3646
7935
8000
9208
9316
9774
9810
3649
3652
3637
3640
10300
10398
10425
11253
11280
11320
11324
11329
11333
11360
13420
13473
13500
13527
13608
13635
14239
14283
14710
14785
15119
15146
15640
16399
16453
17342
17388
18505
18572
18636
27282
4568
7213
4859
7382
4865
7417
7421
5288
5320
7769
8112
9375
5372
5468
5500
5532
6014
6199
6789
6968
7318
7350
7425
5692
12440
13370
13554
13581
13751
15809
15836
15934
15961
15992
16051
16827
16900
18600
18803
18830
23922
2801
3597
3629
3787
3788
4533
6276
6348
6433
6469
6511
2802
3601
3609
3613
3621
3625
3643
4531
4535
4536
4537
4538
4702
4734
4956
5223
5255
6316
3605
3617
3634
3635
5067
7682
7709
7770
7797
8113
8673
9177
9376
7470
6936
10488
11126
11321
11325
11330
11334
11361
13371
9209
9317
9811
2914
2909
2901
2921
2925
2912
3622
3638
3790
5289
7214
7383
7418
7422
6200
10301
10399
10426
13636
14711
14786
15865
2907
7936
8001
9660
9775
2910
2916
2919
2926
3644
2905
2937
2934
2938
3614
3650
5501
5725
5757
5789
5821
5853
5885
5917
5949
5981
6015
7386
11254
13421
13474
13501
13528
13555
13582
13609
14240
2903
2904
2906
2917
2913
2915
2918
2920
2923
2924
2927
2932
3618
3626
3630
3610
3636
3641
3647
3653
3789
4569
5321
6349
6434
6512
6470
6588
7426
4860
4866
4957
5068
5224
5256
6245
6790
6822
6904
6969
7001
7319
7351
13752
15120
15147
15641
15810
15837
15935
15962
15993
16052
16400
16454
16828
16901
17343
17389
18573
23923
25855
26968
26997
27024
27251
27283
9706
3602
3606
4703
4735
2902
2911
3598
5373
5405
5437
5469
5533
5565
5629
5693
6277
6317
11281
14284
18804
4861
4867
4958
5069
5225
5257
5290
5322
5374
5406
5438
5534
5566
6201
6246
6278
6318
6350
6435
6471
6513
6589
6855
7215
7384
7387
7388
7419
7423
7683
7710
7937
8002
9210
9318
11322
11326
11328
11331
11362
13372
13502
13529
13556
13583
14241
14285
14712
14787
15811
15838
15936
15963
15994
18454
5470
5502
5598
5630
5694
5726
5758
5790
5822
5854
5886
5950
5982
6016
6791
6823
6905
6937
6970
7002
7320
7352
7427
7471
7771
7798
8674
9178
9661
9707
10302
10400
10427
11127
11255
11282
11335
13422
13475
13610
13637
15121
15148
15642
15866
18728
18805
23924
25962
3599
3603
4570
4736
4876
4877
4878
4879
4880
4881
4882
4883
4884
8114
9377
9776
9812
10489
10516
12442
16053
16401
16455
16829
16902
17344
17390
18507
18574
18602
18832
27025
27252
27284
11650
11651
13753
26969
26998
9708
5503
6202
6971
13373
13754
15643
15867
18096
18455
25963
26970
26999
15812
15839
15937
15964
7684
14713
14788
15122
15149
18729
18806
18833
19076
27026
27253
27285
9777
4862
4868
5258
6906
6938
10303
10330
10428
6436
6792
13423
13476
13503
13530
13611
13638
14242
14286
7772
7799
8675
9179
9378
7472
10490
11336
15995
16054
16402
16456
16830
16903
17345
17391
18508
18575
18603
5375
5471
5631
6279
11256
11283
11323
13557
13584
7321
7353
3130
11332
11363
23925
3628
5291